256
10 0 0
13 0 0
18 0 0
21 0 0
26 0 0
28 0 0
34 0 0
36 0 0
42 0 0
44 0 0
49 0 0
52 0 0
57 0 0
60 0 0
65 0 0
68 0 0
73 0 0
76 0 0
81 0 0
84 0 0
89 0 0
91 0 0
97 0 0
99 0 0
105 0 0
107 0 0
112 0 0
115 0 0
120 0 0
123 0 0
128 0 0
131 0 0
136 0 0
139 0 0
144 0 0
147 0 0
152 0 0
154 0 0
160 0 0
162 0 0
168 0 0
170 0 0
175 0 0
178 0 0
183 0 0
186 0 0
191 0 0
194 0 0
199 0 0
202 0 0
207 0 0
210 0 0
215 0 0
217 0 0
223 0 0
225 0 0
231 0 0
233 0 0
238 0 0
241 0 0
246 0 0
249 0 0
254 0 0
255 2 0
255 7 0
255 10 0
255 15 0
255 18 0
255 23 0
255 26 0
255 31 0
255 33 0
255 39 0
255 41 0
255 47 0
255 49 0
255 54 0
255 57 0
255 62 0
255 65 0
255 70 0
255 73 0
255 78 0
255 81 0
255 86 0
255 89 0
255 94 0
255 96 0
255 102 0
255 104 0
255 110 0
255 112 0
255 117 0
255 120 0
255 125 0
255 128 0
255 133 0
255 136 0
255 141 0
255 144 0
255 149 0
255 151 0
255 157 0
255 159 0
255 165 0
255 167 0
255 172 0
255 175 0
255 180 0
255 183 0
255 188 0
255 191 0
255 196 0
255 199 0
255 204 0
255 207 0
255 212 0
255 214 0
255 220 0
255 222 0
255 228 0
255 230 0
255 235 0
255 238 0
255 243 0
255 246 0
255 251 0
255 254 0
255 255 6
255 255 6
255 255 10
255 255 10
255 255 14
255 255 14
255 255 18
255 255 18
255 255 22
255 255 22
255 255 26
255 255 26
255 255 30
255 255 30
255 255 34
255 255 34
255 255 38
255 255 38
255 255 42
255 255 42
255 255 46
255 255 46
255 255 50
255 255 50
255 255 54
255 255 54
255 255 58
255 255 58
255 255 62
255 255 62
255 255 65
255 255 65
255 255 69
255 255 69
255 255 73
255 255 73
255 255 77
255 255 77
255 255 81
255 255 81
255 255 85
255 255 85
255 255 89
255 255 89
255 255 93
255 255 93
255 255 97
255 255 97
255 255 101
255 255 101
255 255 105
255 255 105
255 255 109
255 255 109
255 255 113
255 255 113
255 255 117
255 255 117
255 255 121
255 255 121
255 255 125
255 255 125
255 255 128
255 255 128
255 255 132
255 255 132
255 255 136
255 255 136
255 255 140
255 255 140
255 255 144
255 255 144
255 255 148
255 255 148
255 255 152
255 255 152
255 255 156
255 255 156
255 255 160
255 255 160
255 255 164
255 255 164
255 255 168
255 255 168
255 255 172
255 255 172
255 255 176
255 255 176
255 255 180
255 255 180
255 255 184
255 255 184
255 255 188
255 255 188
255 255 191
255 255 191
255 255 195
255 255 195
255 255 199
255 255 199
255 255 203
255 255 203
255 255 207
255 255 207
255 255 211
255 255 211
255 255 215
255 255 215
255 255 219
255 255 219
255 255 223
255 255 223
255 255 227
255 255 227
255 255 231
255 255 231
255 255 235
255 255 235
255 255 239
255 255 239
255 255 243
255 255 243
255 255 247
255 255 247
255 255 251
255 255 251
255 255 255
255 255 255