256
0 0 0
1 0 0
3 2 1
4 3 1
7 4 2
8 5 3
11 7 4
12 7 4
14 9 5
16 10 6
18 11 7
19 12 7
22 14 8
23 14 9
25 16 10
27 17 10
29 18 11
30 19 12
33 21 13
34 21 13
37 23 14
38 24 15
40 25 16
41 26 16
44 28 17
45 28 18
48 30 19
49 31 19
51 32 20
53 33 21
55 35 22
56 35 22
59 37 23
60 38 24
62 39 25
64 40 25
66 42 26
67 42 27
70 44 28
71 45 28
74 46 29
75 47 30
77 49 31
79 49 31
81 51 32
82 52 33
85 53 34
86 54 34
88 56 35
90 57 36
92 58 37
93 59 37
96 60 38
97 61 39
100 63 40
101 64 40
103 65 41
104 66 42
107 67 43
108 68 43
111 70 44
112 71 45
114 72 46
116 73 46
118 74 47
119 75 48
122 77 49
123 78 49
125 79 50
127 80 51
129 82 52
130 82 52
133 84 53
134 85 54
137 86 55
138 87 55
140 89 56
142 89 57
144 91 58
145 92 58
148 93 59
149 94 60
151 96 61
153 96 61
155 98 62
156 99 63
159 100 64
160 101 64
163 103 65
164 103 66
166 105 67
167 106 67
170 107 68
171 108 69
174 110 70
175 110 70
177 112 71
179 113 72
181 114 73
182 115 73
185 117 74
186 117 75
188 119 76
190 120 76
192 121 77
193 122 78
196 124 79
197 124 79
200 126 80
201 127 81
203 128 82
205 129 82
207 131 83
208 132 84
211 133 85
212 134 85
214 135 86
216 136 87
218 138 88
219 139 88
222 140 89
223 141 90
226 142 91
227 143 91
229 145 92
230 146 93
233 147 94
234 148 94
237 149 95
237 149 95
238 150 96
238 150 96
239 151 96
239 151 96
240 152 97
240 152 97
242 153 97
242 153 97
243 153 98
243 153 98
244 154 98
244 154 98
245 155 99
245 155 99
247 156 99
247 156 99
248 157 99
248 157 99
249 157 100
249 157 100
250 158 100
250 158 100
251 159 101
251 159 101
253 160 101
253 160 101
254 160 102
254 160 102
255 161 102
255 161 102
255 162 103
255 162 103
255 163 103
255 163 103
255 164 104
255 164 104
255 164 104
255 164 104
255 165 105
255 165 105
255 166 105
255 166 105
255 167 106
255 167 106
255 167 106
255 167 106
255 168 107
255 168 107
255 169 107
255 169 107
255 170 108
255 170 108
255 171 108
255 171 108
255 171 109
255 171 109
255 172 109
255 172 109
255 173 110
255 173 110
255 174 110
255 174 110
255 174 111
255 174 111
255 175 111
255 175 111
255 176 112
255 176 112
255 177 112
255 177 112
255 178 113
255 178 113
255 178 113
255 178 113
255 179 114
255 179 114
255 180 114
255 180 114
255 181 115
255 181 115
255 182 115
255 182 115
255 182 116
255 182 116
255 183 116
255 183 116
255 184 117
255 184 117
255 185 117
255 185 117
255 185 118
255 185 118
255 186 118
255 186 118
255 187 119
255 187 119
255 188 119
255 188 119
255 189 120
255 189 120
255 189 120
255 189 120
255 190 121
255 190 121
255 191 121
255 191 121
255 192 122
255 192 122
255 192 122
255 192 122
255 193 123
255 193 123
255 194 123
255 194 123
255 195 124
255 195 124
255 196 124
255 196 124
255 196 125
255 196 125
255 197 125
255 197 125
255 198 126
255 198 126
255 199 126
255 199 126